tests/test_data/ATMO2025322160000_vtec_grid.inx
     1.0            IONOSPHERE MAPS     GNSS                IONEX VERSION / TYPE
 ATMO VTEC MODEL                                            PGM / RUN BY / DATE
  2025 11 18 16  0  0                                       EPOCH OF FIRST MAP
  2025 11 18 16  0  0                                       EPOCH OF LAST MAP
  3600                                                      INTERVAL
    1                                                       # OF MAPS IN FILE
 SPHERICAL HARMONICS                                        MAPPING FUNCTION
                                                            COEFFICIENTS START
 Order: 2 x 2, Total coefficients: 9                        MODEL ORDER
 MAP   1 COEF  2025 11 18 16  0  0                          MAP COEFFICIENTS
    56468.4816   -31399.0356   -37379.3654     7819.1378    COEFFICIENT DATA
     1361.9188    10861.3638    -2269.0379     6171.1092    COEFFICIENT DATA
    -2704.3268                                              COEFFICIENT DATA
                                                            COEFFICIENTS END
    0.0                                                     ELEVATION CUTOFF
                                                            OBSERVABLES USED
   38                                                       # OF SATELLITES
 6371.0                                                     BASE RADIUS
   450.0   450.0     0.0                                    HGT1 / HGT2 / DHGT
   55.0   25.0  -1.0                                        LAT1 / LAT2 / DLAT
   95.0  135.0   1.0                                        LON1 / LON2 / DLON
                                                            END OF HEADER
     1                                                      START OF TEC MAP
  2025 11 18 16  0  0                                       EPOCH OF CURRENT MAP
   55.0  95.0 135.0   1.0 450                               LAT/LON1/LON2/DLON/H
  792  694  606  528  459  398  344  297  256  221  190  164  142  123  108   95
   85   77   71   67   65   65   66   70   75   82   91  103  118  135  156  181
  210  244  283  328  379  438  504  579  663
   54.0  95.0 135.0   1.0 450                               LAT/LON1/LON2/DLON/H
  659  567  486  415  352  297  250  209  173  143  118   96   78   64   52   42
   34   28   24   21   20   19   20   23   26   32   39   48   59   73   89  110
  134  162  196  235  280  332  392  460  538
   53.0  95.0 135.0   1.0 450                               LAT/LON1/LON2/DLON/H
  547  462  387  322  266  218  176  141  111   86   65   48   35   24   15    8
    3    0    0    0    0    0    0    0    0    1    6   12   20   30   43   58
   77  101  129  162  201  247  301  363  434
   52.0  95.0 135.0   1.0 450                               LAT/LON1/LON2/DLON/H
  454  375  307  248  198  156  120   90   66   46   30   17    8    0    0    0
    0    0    0    0    0    0    0    0    0    0    0    0    0    4   12   24
   38   56   79  107  140  180  228  283  348
   51.0  95.0 135.0   1.0 450                               LAT/LON1/LON2/DLON/H
  378  305  243  190  146  109   78   54   35   20    8    0    0    0    0    0
    0    0    0    0    0    0    0    0    0    0    0    0    0    0    0    3
   13   26   44   66   94  129  170  220  279
   50.0  95.0 135.0   1.0 450                               LAT/LON1/LON2/DLON/H
  316  249  192  145  106   74   49   30   16    5    0    0    0    0    0    0
    0    0    0    0    0    0    0    0    0    0    0    0    0    0    0    0
    0    8   21   38   61   90  126  170  223
   49.0  95.0 135.0   1.0 450                               LAT/LON1/LON2/DLON/H
  267  205  153  111   77   50   30   16    6    0    0    0    0    1    4    8
   12   15   18   20   21   21   20   18   15   12    8    3    0    0    0    0
    0    0    7   20   38   62   93  132  180
   48.0  95.0 135.0   1.0 450                               LAT/LON1/LON2/DLON/H
  229  171  124   86   57   35   19    9    3    1    2    5   10   16   22   28
   34   39   43   46   47   47   46   43   39   34   28   21   15    8    3    0
    0    0    1    9   22   42   68  102  146
   47.0  95.0 135.0   1.0 450                               LAT/LON1/LON2/DLON/H
  199  145  102   69   44   26   14    8    6    8   12   19   26   35   43   52
   59   66   71   75   76   77   75   71   66   60   52   43   34   25   16    9
    3    0    0    4   13   29   51   81  120
   46.0  95.0 135.0   1.0 450                               LAT/LON1/LON2/DLON/H
  177  127   87   57   36   21   13   11   12   17   25   34   45   56   67   77
   86   94  100  104  107  107  105  100   94   86   77   66   55   44   32   22
   13    6    3    4    9   21   39   65  101
   45.0  95.0 135.0   1.0 450                               LAT/LON1/LON2/DLON/H
  162  114   77   50   32   21   16   16   21   28   39   51   64   77   90  102
  113  122  129  134  136  136  134  129  122  113  102   90   76   63   49   36
   24   15    8    6    8   16   32   55   88
   44.0  95.0 135.0   1.0 450                               LAT/LON1/LON2/DLON/H
  152  106   71   47   31   22   20   23   30   40   53   67   82   97  112  125
  137  147  155  161  163  163  161  156  148  138  125  112   97   81   65   50
   36   24   15    9    9   15   27   48   79
   43.0  95.0 135.0   1.0 450                               LAT/LON1/LON2/DLON/H
  147  102   69   46   31   25   24   29   38   51   65   81   98  115  131  146
  159  170  178  184  187  187  184  179  170  159  146  131  114   97   79   62
   46   32   21   13   11   15   26   45   74
   42.0  95.0 135.0   1.0 450                               LAT/LON1/LON2/DLON/H
  146  102   69   47   34   28   29   35   46   60   76   93  112  130  147  163
  177  188  197  204  207  207  204  198  188  177  162  146  129  110   91   72
   54   39   26   17   14   16   25   44   72
   41.0  95.0 135.0   1.0 450                               LAT/LON1/LON2/DLON/H
  150  105   72   50   37   32   33   41   52   67   84  102  121  140  158  175
  190  202  211  218  221  221  218  211  202  189  175  158  139  119   99   79
   61   44   30   21   16   17   27   44   73
   40.0  95.0 135.0   1.0 450                               LAT/LON1/LON2/DLON/H
  157  111   77   54   40   35   37   44   56   71   89  108  127  147  165  182
  197  210  220  226  230  230  226  220  210  197  182  164  145  125  104   83
   64   47   33   23   18   19   29   47   76
   39.0  95.0 135.0   1.0 450                               LAT/LON1/LON2/DLON/H
  168  120   84   59   45   39   40   47   58   73   91  110  129  149  167  185
  200  213  222  229  232  232  229  222  212  199  183  166  146  126  105   84
   65   47   33   24   19   22   32   52   83
   38.0  95.0 135.0   1.0 450                               LAT/LON1/LON2/DLON/H
  185  133   94   67   50   42   42   48   58   72   89  108  127  146  165  182
  197  209  219  226  229  229  226  219  209  196  180  162  143  122  102   81
   62   46   33   24   21   25   37   59   92
   37.0  95.0 135.0   1.0 450                               LAT/LON1/LON2/DLON/H
  206  149  107   77   57   47   44   48   56   69   85  103  121  140  157  174
  189  201  211  217  220  220  217  210  200  187  171  154  135  115   95   76
   58   42   31   24   23   29   44   69  106
   36.0  95.0 135.0   1.0 450                               LAT/LON1/LON2/DLON/H
  233  171  124   90   66   52   46   47   54   65   79   95  112  129  146  162
  176  188  197  203  206  206  202  196  186  173  158  142  123  104   86   68
   51   38   28   24   25   35   54   83  124
   35.0  95.0 135.0   1.0 450                               LAT/LON1/LON2/DLON/H
  268  200  146  106   78   60   50   48   51   59   71   85  100  116  131  146
  159  170  179  184  187  187  183  177  168  156  142  126  109   91   74   58
   44   33   26   25   30   44   67  101  148
   34.0  95.0 135.0   1.0 450                               LAT/LON1/LON2/DLON/H
  311  235  175  129   95   71   57   50   50   54   63   74   87  101  114  128
  139  149  157  162  165  164  161  155  146  135  122  107   92   76   61   48
   36   29   25   28   38   56   85  125  179
   33.0  95.0 135.0   1.0 450                               LAT/LON1/LON2/DLON/H
  363  279  211  157  117   87   67   56   51   51   56   64   74   85   96  108
  118  127  133  138  140  140  136  131  123  113  101   88   75   61   49   38
   30   26   28   35   50   74  109  156  218
   32.0  95.0 135.0   1.0 450                               LAT/LON1/LON2/DLON/H
  428  334  257  195  146  110   83   66   55   51   51   55   62   70   79   88
   96  103  109  113  114  114  111  106   99   90   80   69   58   47   38   31
   27   28   34   47   68   99  142  197  267
   31.0  95.0 135.0   1.0 450                               LAT/LON1/LON2/DLON/H
  506  401  313  242  185  140  106   82   65   55   51   50   53   57   63   70
   76   81   86   88   89   89   86   82   76   68   60   51   43   36   30   28
   29   35   47   66   94  133  184  248  328
   30.0  95.0 135.0   1.0 450                               LAT/LON1/LON2/DLON/H
  600  482  384  302  235  181  139  107   83   67   57   51   49   49   52   55
   59   62   65   67   67   66   64   60   55   50   44   38   33   29   28   30
   37   49   67   94  130  178  238  312  403
   29.0  95.0 135.0   1.0 450                               LAT/LON1/LON2/DLON/H
  712  581  469  376  298  234  183  143  111   88   71   59   52   48   46   46
   47   48   49   50   50   49   47   44   40   37   33   31   29   30   34   41
   54   72   98  133  179  236  306  392  494
   28.0  95.0 135.0   1.0 450                               LAT/LON1/LON2/DLON/H
  844  699  574  467  378  303  241  191  151  120   96   78   65   56   50   46
   43   42   41   40   39   38   36   35   33   32   31   32   34   40   49   63
   82  108  142  186  241  309  391  489  605
   27.0  95.0 135.0   1.0 450                               LAT/LON1/LON2/DLON/H
 1000  838  699  578  476  389  316  256  207  167  135  109   90   75   64   56
   50   46   43   40   39   37   36   36   36   37   39   44   51   62   77   97
  124  159  202  256  322  401  495  607  737
   26.0  95.0 135.0   1.0 450                               LAT/LON1/LON2/DLON/H
 1182 1003  848  712  596  496  411  339  280  230  190  157  130  109   93   80
   70   63   57   53   51   49   48   49   51   55   61   70   82   99  120  148
  183  227  280  344  422  514  622  748  894
   25.0  95.0 135.0   1.0 450                               LAT/LON1/LON2/DLON/H
 1394 1197 1023  872  740  626  528  444  374  314  264  223  189  161  139  121
  107   96   88   82   78   76   77   79   83   90  100  113  131  153  182  218
  262  315  379  456  546  651  774  916 1078
       1                                                    END OF TEC MAP
     1                                                      START OF RMS MAP
  2025 11 18 16  0  0                                       EPOCH OF CURRENT MAP
   55.0  95.0 135.0   1.0 450                               LAT/LON1/LON2/DLON/H
   90   84   78   72   67   62   57   53   50   46   43   41   38   36   34   32
   30   29   28   27   26   25   25   24   24   24   24   24   25   25   26   28
   29   31   33   35   38   41   45   49   54
   54.0  95.0 135.0   1.0 450                               LAT/LON1/LON2/DLON/H
   81   75   69   63   58   54   50   46   42   39   36   34   32   30   28   26
   25   23   22   21   20   20   19   19   18   18   18   19   19   20   20   22
   23   24   26   29   31   34   38   41   46
   53.0  95.0 135.0   1.0 450                               LAT/LON1/LON2/DLON/H
   73   67   61   56   51   47   43   39   36   33   31   28   26   24   23   21
   20   19   18   17   16   15   15   15   14   14   14   14   15   15   16   17
   18   19   21   23   25   28   31   35   39
   52.0  95.0 135.0   1.0 450                               LAT/LON1/LON2/DLON/H
   65   59   54   49   45   40   37   34   31   28   26   23   22   20   18   17
   16   15   14   13   13   12   12   11   11   11   11   11   11   11   12   13
   14   15   17   18   21   23   26   30   33
   51.0  95.0 135.0   1.0 450                               LAT/LON1/LON2/DLON/H
   59   53   48   43   39   35   32   29   26   24   21   19   18   16   15   14
   13   12   11   11   10   10    9    9    9    9    8    9    9    9    9   10
   11   12   13   15   17   19   22   25   29
   50.0  95.0 135.0   1.0 450                               LAT/LON1/LON2/DLON/H
   53   48   43   38   34   31   27   25   22   20   18   16   15   13   12   11
   10   10    9    9    8    8    8    7    7    7    7    7    7    7    7    8
    9    9   11   12   14   16   19   22   25
   49.0  95.0 135.0   1.0 450                               LAT/LON1/LON2/DLON/H
   48   43   38   34   30   27   24   21   19   17   15   13   12   11   10    9
    9    8    8    7    7    7    6    6    6    6    6    6    6    6    6    7
    7    8    9   10   12   14   16   19   22
   48.0  95.0 135.0   1.0 450                               LAT/LON1/LON2/DLON/H
   44   39   34   30   26   23   20   18   16   14   12   11   10    9    8    8
    7    7    6    6    6    6    6    5    5    5    5    5    5    5    6    6
    6    7    8    9   10   12   14   17   20
   47.0  95.0 135.0   1.0 450                               LAT/LON1/LON2/DLON/H
   40   35   31   27   23   20   18   15   13   12   10    9    8    7    7    6
    6    6    5    5    5    5    5    5    5    5    5    5    5    5    5    5
    6    6    7    8    9   11   13   15   18
   46.0  95.0 135.0   1.0 450                               LAT/LON1/LON2/DLON/H
   37   32   27   24   21   18   15   13   11   10    9    8    7    6    6    5
    5    5    5    4    4    4    4    4    4    4    4    4    5    5    5    5
    5    6    6    7    8   10   12   14   17
   45.0  95.0 135.0   1.0 450                               LAT/LON1/LON2/DLON/H
   34   29   25   21   18   16   13   11   10    8    7    6    6    5    5    4
    4    4    4    4    4    4    4    4    4    4    4    4    4    4    5    5
    5    5    6    7    8    9   11   14   16
   44.0  95.0 135.0   1.0 450                               LAT/LON1/LON2/DLON/H
   31   27   23   19   16   14   12   10    8    7    6    5    5    4    4    4
    4    3    3    3    3    3    3    3    3    3    3    4    4    4    4    4
    5    5    6    7    8    9   11   13   16
   43.0  95.0 135.0   1.0 450                               LAT/LON1/LON2/DLON/H
   29   25   21   18   15   12   10    9    7    6    5    5    4    4    3    3
    3    3    3    3    3    3    3    3    3    3    3    3    3    4    4    4
    4    5    6    6    7    9   11   13   16
   42.0  95.0 135.0   1.0 450                               LAT/LON1/LON2/DLON/H
   28   23   19   16   13   11    9    8    6    5    5    4    4    3    3    3
    3    3    3    3    3    3    2    2    2    3    3    3    3    3    3    4
    4    5    5    6    7    9   11   13   16
   41.0  95.0 135.0   1.0 450                               LAT/LON1/LON2/DLON/H
   26   22   18   15   12   10    8    7    6    5    4    4    3    3    3    3
    2    2    2    2    2    2    2    2    2    2    2    2    3    3    3    3
    4    4    5    6    7    9   11   13   16
   40.0  95.0 135.0   1.0 450                               LAT/LON1/LON2/DLON/H
   25   21   17   14   12    9    8    6    5    4    4    3    3    3    3    2
    2    2    2    2    2    2    2    2    2    2    2    2    2    3    3    3
    4    4    5    6    8    9   11   14   17
   39.0  95.0 135.0   1.0 450                               LAT/LON1/LON2/DLON/H
   25   21   17   14   11    9    7    6    5    4    4    3    3    3    3    2
    2    2    2    2    2    2    2    2    2    2    2    2    2    3    3    3
    4    5    6    7    8   10   12   15   18
   38.0  95.0 135.0   1.0 450                               LAT/LON1/LON2/DLON/H
   25   20   17   13   11    9    7    6    5    4    4    3    3    3    3    2
    2    2    2    2    2    2    2    2    2    2    2    3    3    3    3    4
    4    5    6    7    9   11   13   16   20
   37.0  95.0 135.0   1.0 450                               LAT/LON1/LON2/DLON/H
   25   20   17   13   11    9    7    6    5    4    4    4    3    3    3    3
    2    2    2    2    2    2    2    3    3    3    3    3    3    3    4    4
    5    6    7    8   10   12   15   18   21
   36.0  95.0 135.0   1.0 450                               LAT/LON1/LON2/DLON/H
   25   21   17   14   11    9    7    6    5    5    4    4    3    3    3    3
    3    2    2    2    3    3    3    3    3    3    3    3    4    4    4    5
    6    7    8    9   11   14   16   20   24
   35.0  95.0 135.0   1.0 450                               LAT/LON1/LON2/DLON/H
   26   22   17   14   11    9    7    6    5    5    4    4    4    3    3    3
    3    3    3    3    3    3    3    3    3    4    4    4    4    5    5    6
    7    8    9   11   13   16   19   22   26
   34.0  95.0 135.0   1.0 450                               LAT/LON1/LON2/DLON/H
   28   23   18   15   12   10    8    7    6    5    5    4    4    3    3    3
    3    3    3    3    3    3    3    4    4    4    4    5    5    6    6    7
    8    9   11   13   15   18   21   25   30
   33.0  95.0 135.0   1.0 450                               LAT/LON1/LON2/DLON/H
   30   24   20   16   13   11    9    7    6    5    5    4    4    4    3    3
    3    3    3    3    3    4    4    4    4    5    5    6    6    7    8    9
   10   11   13   15   18   21   24   29   33
